2200 	2000	0.07	-1	0	0
7	1426	43	100	0	0
90	1426	43	100	0	0
175	1426	46	100	0	0
231	1425	106	102	0	0
337	1426	77	101	0	0
414	1427	87	101	0	0
509	1425	48	102	0	0
//////
1388	1100	52	97	0	0
1523	1102	56	93	0	0
1647	1108	63	84	0	0
1784	1114	85	81	0	0
1922	1115	94	78	0	0
2065	1114	94	79	0	0
1782	1265	81	84	0	0
1921	1263	72	86	0	0
2072	1258	48	94	0	0
/////////
//560	22	36	100	0	0
//619	22	36	100	0	0
//
// w h frametime loop velocityX velocityY
//x y w h dx dy
2200 	2000	0.1	-1	0	0
7	1426	43	100	0	0
90	1426	43	100	0	0
175	1426	46	100	0	0
231	1425	106	102	0	0
337	1426	77	101	0	0
414	1427	87	101	0	0
509	1425	48	102	0	0
578	1425	44	102	0	0